<?xml version="1.0" encoding="UTF-8"?>
<map version="1.5" tiledversion="1.7.2" orientation="orthogonal" renderorder="right-down" width="30" height="17" tilewidth="16" tileheight="16" infinite="0" nextlayerid="2" nextobjectid="1">
 <editorsettings>
  <export target="map.lua" format="lua"/>
 </editorsettings>
 <tileset firstgid="1" source="Sokoban.tsx"/>
 <layer id="1" name="Calque de Tuiles 1" width="30" height="17">
  <data encoding="csv">
1,1,1,1,1,1,1,1,1,1,1,1,1,1,1,1,1,1,1,1,1,1,1,1,1,1,1,1,1,1,
1,1,1,1,1,1,1,1,1,1,7,7,7,1,1,1,1,1,1,1,1,1,1,1,1,1,1,1,1,1,
1,1,1,1,1,1,1,1,1,1,7,7,7,1,1,1,1,1,7,7,1,1,1,1,1,1,1,1,1,1,
1,1,1,1,1,1,1,1,1,1,2,2,2,2,2,2,2,2,7,7,1,1,1,1,1,1,1,1,1,1,
1,1,1,1,1,1,1,1,1,1,2,2,1,1,1,1,1,2,7,7,1,1,1,1,1,1,1,1,1,1,
1,1,1,1,1,1,1,1,1,1,2,2,5,6,3,1,1,2,7,7,1,1,1,1,1,1,1,1,1,1,
1,1,1,1,1,1,1,1,7,7,7,2,2,2,1,3,5,2,7,7,1,1,1,1,1,1,1,1,1,1,
1,1,1,1,1,1,1,1,7,7,7,2,5,2,2,3,1,2,7,7,1,1,1,1,1,1,1,1,1,1,
1,1,1,1,1,1,1,1,7,7,7,2,1,2,1,5,1,2,2,7,1,1,1,1,1,1,1,1,1,1,
1,1,1,1,1,1,1,1,1,1,7,2,3,1,4,3,3,5,2,7,1,1,1,1,1,1,1,1,1,1,
1,1,1,1,1,1,1,1,1,1,7,2,1,1,1,5,1,1,2,7,1,1,1,1,1,1,1,1,1,1,
1,1,1,1,1,1,1,1,1,7,7,2,2,2,2,2,2,2,2,7,1,1,1,1,1,1,1,1,1,1,
1,1,1,1,1,1,1,1,1,7,7,1,1,1,1,1,1,7,7,7,1,1,1,1,1,1,1,1,1,1,
1,1,1,1,1,1,1,1,1,7,7,1,1,1,1,1,1,7,7,7,1,1,1,1,1,1,1,1,1,1,
1,1,1,1,1,1,1,1,1,1,1,1,1,1,1,1,1,7,7,7,1,1,1,1,1,1,1,1,1,1,
1,1,1,1,1,1,1,1,1,1,1,1,1,1,1,1,1,1,1,1,1,1,1,1,1,1,1,1,1,1,
1,1,1,1,1,1,1,1,1,1,1,1,1,1,1,1,1,1,1,1,1,1,1,1,1,1,1,1,1,1
</data>
 </layer>
</map>
